   X.2 X.1   X AmountSpent TimeSearching  Ad
1    1   1   1    55.10070      33.17937 New
2    2   2   2    37.15447      34.59956 New
3    3   3   3    41.47029      33.97389 New
4    4   4   4    43.15872      30.89512 New
5    5   5   5    51.93808      34.25672 New
6    6   6   6    42.62423      30.58761 New
7    7   7   7    39.23106      34.26121 New
8    8   8   8    45.74999      28.09339 New
9    9   9   9    43.89450      30.74107 New
10  10  10  10    48.82274      34.73530 New
11  11  11  11    52.90412      33.54356 New
12  12  12  12    49.78393      24.58179 New
13  13  13  13    46.32475      35.25934 New
14  14  14  14    50.27557      31.09432 New
15  15  15  15    42.16285      31.61466 New
16  16  16  16    47.13714      30.45581 New
17  17  17  17    41.48098      30.69605 New
18  18  18  18    36.27106      34.53111 New
19  19  19  19    56.63611      39.89956 New
20  20  20  21    51.46768      33.10078 New
21  21  21  22    45.58130      27.30288 New
22  22  22  23    52.21451      41.97533 New
23  23  23  24    42.59498      28.95608 New
24  24  24  25    52.72993      37.46907 New
25  25  25  26    32.15146      23.91056 New
26  26  26  27    42.07956      31.45455 New
27  27  27  28    50.71212      27.60983 New
28  28  28  29    53.04040      28.73112 New
29  29  29  30    43.04728      27.65524 New
30  30  30  31    40.68558      32.56289 New
31  31  31  32    37.60874      35.22515 New
32  32  32  34    50.83837      29.14920 New
33  33  33  35    41.48836      30.17075 New
34  34  34  36    44.93181      32.06522 New
35  35  35  37    47.14633      31.87173 New
36  36  36  38    41.91310      32.24102 New
37  37  37  39    47.01567      34.85983 New
38  38  38  40    53.84643      31.14310 New
39  39  39  41    49.65787      33.82711 New
40  40  40  42    38.22341      32.48923 New
41  41  41  43    45.53509      31.73706 New
42  42  42  44    54.67455      35.17031 New
43  43  43  45    41.24550      25.48046 New
44  44  44  46    53.13989      31.68447 New
45  45  45  47    52.83205      34.41622 New
46  46  46  48    43.31594      29.89822 New
47  47  47  49    41.68727      32.85595 Old
48  48  48  50    45.29480      30.89434 Old
49  49  49  51    57.36008      31.46267 Old
50  50  50  52    42.34438      38.53391 Old
51  51  51  53    39.93211      30.51814 Old
52  52  52  54    32.38605      31.30672 Old
53  53  53  55    44.52035      25.77927 Old
54  54  54  56    47.06006      34.15589 Old
55  55  55  57    44.42378      36.78692 Old
56  56  56  58    53.86818      28.95362 Old
57  57  57  59    47.95843      37.50474 Old
58  58  58  60    44.63528      32.74746 Old
59  59  59  61    46.64774      29.30310 Old
60  60  60  62    48.42051      36.53033 Old
61  61  61  63    41.28391      30.82130 Old
62  62  62  64    38.59365      30.07652 Old
63  63  63  65    51.28595      33.62465 Old
64  64  64  66    44.16272      36.49944 Old
65  65  65  67    40.63892      23.89025 Old
66  66  66  68    44.46057      24.34274 Old
67  67  67  69    48.96868      32.63639 Old
68  68  68  70    53.66005      27.70389 Old
69  69  69  71    49.63110      29.17276 Old
70  70  70  72    54.24366      36.35389 Old
71  71  71  73    43.86454      36.32721 Old
72  72  72  74    44.36261      27.10101 Old
73  73  74  76    37.09487      33.43584 Old
74  74  75  81    40.07814      28.18167 Old
75  75  76  82    34.95932      32.49631 Old
76  76  77  83    43.46630      31.69361 Old
77  77  78  84    56.13448      32.42032 Old
78  78  79  85    35.37587      23.50769 Old
79  79  80  86    45.65925      33.41330 Old
80  80  81  87    46.62500      34.36929 Old
81  81  82  88    41.26241      30.20741 Old
82  82  83  89    40.90072      26.17385 Old
83  83  84  90    43.85699      22.59672 Old
84  84  85  91    55.54550      33.48815 Old
85  85  86  92    50.17283      26.13513 Old
86  86  87  93    43.94932      26.60061 Old
87  87  88  94    44.07430      27.55849 Old
88  88  89  96    43.56091      31.75618 Old
89  89  90  97    43.80709      36.26948 Old
90  90  91  98    46.41926      39.80178 Old
91  91  92  99    58.61831      29.23820 Old
92  92  93 100    44.21966      32.92702 Old